12383
8886
10777
9915
10793
11335
8386
8492
9649
9421
10362
8027
11690
8059
10763
11926
8540
11426
12172
8736
8211
8368
10567
9429
8782
9530
10862
8123
12067
11135
11929
12802
12022
11058
11069
11167
9393
11456
8011
11042
9229
10373
12421
12919
11784
11537
8198
12324
11315
12370
9413
11526
9091
11980
12956
9873
9862
12170
9996
10281
10305
8925
10084
9327
8336
9505
8846
9729
9313
8857
9124
11895
12582
8545
11814
11367
8434
8364
12043
11750
9087
9808
10276
10178
8788
11584
8403
10651
10754
10399
12932
8060
12676
11368
10739
8012
9226
11586
11094
10539
