11383
7886
9777
8915
9793
10335
7386
7492
8649
8421
9362
7027
10690
7059
9763
10926
7540
10426
11172
7736
7211
7368
9567
8429
7782
8530
9862
7123
11067
10135
10929
11802
11022
10058
10069
10167
8393
10456
7011
10042
8229
9373
11421
11919
10784
10537
7198
11324
10315
11370
8413
10526
8091
10980
11956
8873
8862
11170
8996
9281
9305
7925
9084
8327
7336
8505
7846
8729
8313
7857
8124
10895
11582
7545
10814
10367
7434
7364
11043
10750
8087
8808
9276
9178
7788
10584
7403
9651
9754
9399
11932
7060
11676
10368
9739
7012
8226
10586
10094
9539
